# relative_time, cycles_done, cur_item, corpus_count, pending_total, pending_favs, map_size, saved_crashes, saved_hangs, max_depth, execs_per_sec, total_execs, edges_found
61, 4, 38, 42, 27, 0, 0.00%, 4, 0, 5, 782.72, 46032, 85
66, 4, 34, 43, 28, 0, 0.00%, 4, 0, 5, 762.84, 49858, 85
71, 5, 40, 43, 28, 0, 0.00%, 4, 0, 5, 780.40, 53969, 85
76, 5, 34, 44, 27, 0, 0.00%, 4, 0, 5, 767.97, 57891, 85
82, 5, 38, 44, 26, 0, 0.00%, 4, 0, 5, 763.15, 61827, 85
87, 6, 34, 44, 24, 0, 0.00%, 4, 0, 5, 810.27, 66055, 85
92, 6, 19, 44, 23, 0, 0.00%, 4, 0, 5, 781.75, 69909, 85
97, 6, 34, 44, 22, 0, 0.00%, 4, 0, 5, 789.22, 73994, 85
102, 7, 38, 44, 21, 0, 0.00%, 4, 0, 5, 744.61, 77661, 85
107, 7, 34, 44, 20, 0, 0.00%, 4, 0, 5, 732.18, 81446, 85
112, 7, 34, 44, 20, 0, 0.00%, 4, 0, 5, 737.75, 85249, 85
117, 7, 6, 44, 18, 0, 0.00%, 4, 0, 5, 722.39, 88967, 85
123, 8, 34, 44, 18, 0, 0.00%, 4, 0, 5, 726.77, 92715, 85
128, 8, 34, 44, 17, 0, 0.00%, 4, 0, 5, 712.59, 96394, 85
133, 8, 38, 44, 16, 0, 0.00%, 4, 0, 5, 730.50, 100031, 85
138, 8, 34, 44, 16, 0, 0.00%, 4, 0, 5, 731.68, 103865, 85
143, 9, 34, 45, 15, 0, 0.00%, 4, 0, 5, 713.40, 107418, 85
148, 9, 34, 45, 13, 0, 0.00%, 4, 0, 5, 755.04, 111343, 85
153, 9, 2, 45, 13, 0, 0.00%, 4, 0, 5, 752.19, 115266, 85
158, 10, 34, 45, 11, 0, 0.00%, 4, 0, 5, 612.15, 118156, 85
164, 10, 38, 45, 11, 0, 0.00%, 4, 0, 5, 585.11, 121166, 85
169, 10, 34, 45, 10, 0, 0.00%, 4, 0, 5, 570.22, 124012, 85
174, 10, 34, 45, 10, 0, 0.00%, 4, 0, 5, 576.19, 126909, 85
179, 10, 24, 45, 10, 0, 0.00%, 4, 0, 5, 577.23, 129815, 85
184, 11, 34, 45, 9, 0, 0.00%, 4, 0, 5, 584.40, 132840, 85
189, 11, 31, 45, 9, 0, 0.00%, 4, 0, 5, 579.36, 135742, 85
194, 11, 38, 45, 9, 0, 0.00%, 4, 0, 5, 577.35, 138642, 85
199, 11, 42, 46, 10, 0, 0.00%, 4, 0, 5, 561.05, 141583, 85
204, 11, 38, 46, 9, 0, 0.00%, 4, 0, 5, 567.77, 144477, 85
209, 12, 38, 46, 9, 0, 0.00%, 4, 0, 5, 629.89, 147774, 85
215, 12, 38, 46, 9, 0, 0.00%, 4, 0, 5, 640.86, 151192, 85
220, 12, 38, 46, 9, 0, 0.00%, 4, 0, 5, 644.08, 154479, 85
225, 12, 34, 46, 9, 0, 0.00%, 4, 0, 5, 642.19, 157683, 85
230, 13, 38, 46, 9, 0, 0.00%, 4, 0, 5, 596.99, 160587, 85
235, 13, 34, 46, 8, 0, 0.00%, 4, 0, 5, 598.25, 163575, 85
240, 13, 34, 46, 8, 0, 0.00%, 4, 0, 5, 638.71, 166931, 85
245, 13, 34, 46, 8, 0, 0.00%, 4, 0, 5, 607.96, 169952, 85
250, 14, 34, 46, 8, 0, 0.00%, 4, 0, 5, 624.18, 173075, 85
255, 14, 34, 46, 7, 0, 0.00%, 4, 0, 5, 610.58, 176237, 85
260, 14, 34, 46, 7, 0, 0.00%, 4, 0, 5, 617.47, 179325, 85
265, 14, 38, 46, 7, 0, 0.00%, 4, 0, 5, 611.93, 182339, 85
270, 15, 34, 46, 7, 0, 0.00%, 4, 0, 5, 630.34, 185530, 85
275, 15, 34, 46, 7, 0, 0.00%, 4, 0, 5, 626.24, 188687, 85
280, 15, 34, 46, 7, 0, 0.00%, 4, 0, 5, 627.34, 191862, 85
285, 15, 34, 46, 7, 0, 0.00%, 4, 0, 5, 628.19, 195028, 85
290, 16, 38, 46, 7, 0, 0.00%, 4, 0, 5, 626.82, 198185, 85
295, 16, 11, 46, 7, 0, 0.00%, 4, 0, 5, 599.52, 201155, 85
300, 16, 47, 48, 7, 0, 0.00%, 4, 0, 5, 578.06, 204118, 85
306, 16, 47, 48, 7, 0, 0.00%, 4, 0, 5, 594.96, 207257, 85
311, 16, 46, 48, 7, 0, 0.00%, 4, 0, 5, 613.40, 210468, 85
316, 16, 46, 50, 9, 0, 0.00%, 4, 0, 5, 666.14, 213978, 85
321, 16, 47, 50, 9, 0, 0.00%, 4, 0, 5, 659.85, 217356, 85
326, 16, 46, 50, 9, 0, 0.00%, 4, 0, 5, 641.82, 220559, 85
331, 16, 47, 50, 9, 0, 0.00%, 4, 0, 5, 629.08, 223796, 85
336, 17, 46, 50, 9, 0, 0.00%, 4, 0, 5, 674.39, 227234, 85
342, 17, 47, 50, 9, 0, 0.00%, 4, 0, 5, 684.04, 230820, 85
347, 17, 47, 50, 9, 0, 0.00%, 4, 0, 5, 657.85, 234105, 85
352, 17, 46, 50, 9, 0, 0.00%, 4, 0, 5, 629.91, 237320, 85
357, 17, 46, 50, 9, 0, 0.00%, 4, 0, 5, 596.17, 240298, 85
362, 17, 46, 50, 9, 0, 0.00%, 4, 0, 5, 587.85, 243335, 85
367, 17, 47, 50, 9, 0, 0.00%, 4, 0, 5, 580.86, 246348, 85
372, 17, 47, 51, 10, 0, 0.00%, 4, 0, 5, 577.66, 249261, 85
377, 17, 46, 51, 10, 0, 0.00%, 4, 0, 5, 585.77, 252221, 85
382, 17, 47, 52, 11, 0, 0.00%, 4, 0, 5, 613.08, 255393, 85
387, 18, 49, 52, 11, 0, 0.00%, 4, 0, 5, 584.11, 258269, 85
392, 18, 46, 52, 10, 0, 0.00%, 4, 0, 5, 586.74, 261201, 85
398, 18, 46, 52, 10, 0, 0.00%, 4, 0, 5, 585.74, 264240, 85
403, 18, 46, 52, 10, 0, 0.00%, 4, 0, 5, 591.99, 267232, 85
408, 18, 46, 52, 10, 0, 0.00%, 4, 0, 5, 619.07, 270352, 85
413, 18, 46, 52, 10, 0, 0.00%, 4, 0, 5, 612.09, 273440, 85
418, 18, 33, 52, 10, 0, 0.00%, 4, 0, 5, 593.91, 276395, 85
423, 19, 46, 52, 10, 0, 0.00%, 4, 0, 5, 583.79, 279397, 85
428, 19, 51, 52, 9, 0, 0.00%, 4, 0, 5, 565.72, 282222, 85
433, 19, 47, 52, 8, 0, 0.00%, 4, 0, 5, 574.53, 285124, 85
438, 19, 46, 52, 7, 0, 0.00%, 4, 0, 5, 599.41, 288123, 85
443, 19, 46, 52, 7, 0, 0.00%, 4, 0, 5, 598.61, 291129, 85
448, 19, 6, 52, 6, 0, 0.00%, 4, 0, 5, 588.66, 294061, 85
453, 20, 47, 52, 6, 0, 0.00%, 4, 0, 5, 578.47, 296952, 85
458, 20, 46, 52, 6, 0, 0.00%, 4, 0, 5, 581.85, 299963, 85
463, 20, 46, 52, 6, 0, 0.00%, 4, 0, 5, 578.68, 302886, 85
468, 20, 47, 52, 6, 0, 0.00%, 4, 0, 5, 581.36, 305863, 85
473, 20, 6, 52, 6, 0, 0.00%, 4, 0, 5, 557.76, 308689, 85
478, 20, 47, 52, 6, 0, 0.00%, 4, 0, 5, 550.09, 311433, 85
483, 20, 46, 52, 5, 0, 0.00%, 4, 0, 5, 563.80, 314300, 85
489, 21, 46, 52, 5, 0, 0.00%, 4, 0, 5, 583.60, 317363, 85
494, 21, 47, 52, 4, 0, 0.00%, 4, 0, 5, 571.83, 320209, 85
499, 21, 47, 52, 4, 0, 0.00%, 4, 0, 5, 582.88, 323174, 85
504, 21, 46, 52, 4, 0, 0.00%, 4, 0, 5, 581.68, 326101, 85
509, 21, 46, 52, 4, 0, 0.00%, 4, 0, 5, 584.28, 329022, 85
514, 22, 46, 52, 4, 0, 0.00%, 4, 0, 5, 604.34, 332077, 85
519, 22, 46, 52, 4, 0, 0.00%, 4, 0, 5, 587.35, 335035, 85
524, 22, 46, 52, 4, 0, 0.00%, 4, 0, 5, 582.81, 337955, 85
529, 22, 46, 52, 4, 0, 0.00%, 4, 0, 5, 603.56, 341070, 85
534, 22, 46, 52, 3, 0, 0.00%, 4, 0, 5, 614.05, 344145, 85
539, 22, 46, 52, 3, 0, 0.00%, 4, 0, 5, 610.39, 347223, 85
544, 22, 46, 52, 3, 0, 0.00%, 4, 0, 5, 590.63, 350165, 85
549, 23, 46, 52, 3, 0, 0.00%, 4, 0, 5, 577.32, 353080, 85
554, 23, 47, 52, 2, 0, 0.00%, 4, 0, 5, 527.61, 355660, 85
559, 23, 47, 52, 2, 0, 0.00%, 4, 0, 5, 513.68, 358308, 85
564, 23, 46, 52, 2, 0, 0.00%, 4, 0, 5, 515.27, 360857, 85
569, 23, 46, 52, 2, 0, 0.00%, 4, 0, 5, 520.61, 363577, 85
575, 23, 46, 52, 1, 0, 0.00%, 4, 0, 5, 496.75, 366086, 85
580, 23, 47, 52, 1, 0, 0.00%, 4, 0, 5, 490.53, 368584, 85
585, 23, 46, 52, 1, 0, 0.00%, 4, 0, 5, 490.84, 371032, 85
590, 24, 46, 52, 1, 0, 0.00%, 4, 0, 5, 490.20, 373562, 85
595, 24, 46, 52, 1, 0, 0.00%, 4, 0, 5, 522.82, 376321, 85
600, 24, 46, 53, 1, 0, 0.00%, 4, 0, 5, 513.64, 378876, 85
605, 24, 46, 58, 6, 0, 0.00%, 4, 0, 5, 517.41, 381463, 85
610, 24, 46, 59, 7, 0, 0.00%, 4, 0, 5, 503.17, 384083, 85
615, 24, 47, 62, 10, 0, 0.00%, 4, 0, 5, 493.22, 386538, 85
620, 24, 47, 65, 13, 0, 0.00%, 4, 0, 5, 484.82, 389001, 85
625, 24, 64, 66, 14, 0, 0.00%, 4, 0, 6, 438.77, 391123, 85
631, 24, 47, 67, 14, 0, 0.00%, 4, 0, 6, 489.32, 393753, 85
636, 24, 47, 68, 15, 0, 0.00%, 4, 0, 6, 509.56, 396293, 85
641, 24, 46, 68, 15, 0, 0.00%, 4, 0, 6, 544.31, 399149, 85
646, 24, 54, 68, 15, 0, 0.00%, 4, 0, 6, 468.36, 401652, 85
651, 24, 47, 69, 15, 0, 0.00%, 4, 0, 6, 453.46, 403823, 85
656, 25, 31, 69, 15, 0, 0.00%, 4, 0, 6, 477.48, 406232, 85
661, 25, 31, 69, 15, 0, 0.00%, 4, 0, 6, 473.98, 408593, 85
666, 25, 46, 69, 15, 0, 0.00%, 4, 0, 6, 470.97, 410972, 85
671, 25, 58, 69, 15, 0, 0.00%, 4, 0, 6, 309.46, 412488, 85
676, 25, 46, 69, 14, 0, 0.00%, 4, 0, 6, 350.55, 414036, 85
681, 25, 46, 69, 14, 0, 0.00%, 4, 0, 6, 448.84, 416522, 85
686, 25, 60, 69, 14, 0, 0.00%, 4, 0, 6, 357.96, 418300, 85
692, 25, 46, 69, 13, 0, 0.00%, 4, 0, 6, 422.28, 420474, 85
697, 25, 66, 69, 13, 0, 0.00%, 4, 0, 6, 335.75, 422092, 85
702, 25, 46, 69, 12, 0, 0.00%, 4, 0, 6, 512.65, 424800, 85
707, 25, 46, 69, 12, 0, 0.00%, 4, 0, 6, 587.81, 427910, 85
712, 25, 46, 69, 12, 0, 0.00%, 4, 0, 6, 683.71, 431504, 85
717, 25, 47, 69, 12, 0, 0.00%, 4, 0, 6, 721.90, 435187, 85
722, 26, 46, 69, 12, 0, 0.00%, 4, 0, 6, 789.30, 439357, 85
727, 26, 47, 69, 11, 0, 0.00%, 4, 0, 6, 740.08, 443268, 85
733, 26, 46, 69, 11, 0, 0.00%, 4, 0, 6, 770.27, 447231, 85
738, 26, 46, 69, 11, 0, 0.00%, 4, 0, 6, 658.60, 450508, 85
743, 26, 47, 69, 11, 0, 0.00%, 4, 0, 6, 488.83, 452834, 85
748, 26, 46, 69, 11, 0, 0.00%, 4, 0, 6, 441.25, 454960, 85
753, 26, 46, 69, 11, 0, 0.00%, 4, 0, 6, 515.03, 457581, 85
758, 26, 46, 69, 11, 0, 0.00%, 4, 0, 6, 680.50, 461330, 85
763, 26, 67, 69, 11, 0, 0.00%, 4, 0, 6, 529.06, 464083, 85
768, 26, 46, 69, 10, 0, 0.00%, 4, 0, 6, 689.62, 467457, 85
773, 27, 63, 69, 10, 0, 0.00%, 4, 0, 6, 703.59, 471108, 85
778, 27, 68, 69, 8, 0, 0.00%, 4, 0, 6, 725.45, 474738, 85
783, 27, 68, 69, 8, 0, 0.00%, 4, 0, 6, 496.86, 476891, 85
789, 27, 55, 69, 7, 0, 0.00%, 4, 0, 6, 577.44, 480188, 85
794, 27, 46, 69, 6, 0, 0.00%, 4, 0, 6, 675.75, 483568, 85
799, 27, 46, 69, 6, 0, 0.00%, 4, 0, 6, 715.34, 487211, 85
804, 27, 47, 69, 6, 0, 0.00%, 4, 0, 6, 714.07, 490914, 85
809, 27, 46, 69, 6, 0, 0.00%, 4, 0, 6, 720.86, 494642, 85
814, 27, 6, 69, 6, 0, 0.00%, 4, 0, 6, 767.62, 498522, 85
819, 28, 46, 69, 6, 0, 0.00%, 4, 0, 6, 743.26, 502384, 85
824, 28, 46, 69, 6, 0, 0.00%, 4, 0, 6, 764.37, 506296, 85
829, 28, 46, 69, 6, 0, 0.00%, 4, 0, 6, 762.56, 510165, 85
834, 28, 57, 69, 6, 0, 0.00%, 4, 0, 6, 577.11, 513043, 85
839, 28, 6, 69, 5, 0, 0.00%, 4, 0, 6, 670.51, 516383, 85
844, 28, 46, 69, 5, 0, 0.00%, 4, 0, 6, 707.46, 520031, 85
849, 28, 46, 69, 5, 0, 0.00%, 4, 0, 6, 574.20, 522888, 85
854, 28, 6, 69, 5, 0, 0.00%, 4, 0, 6, 518.53, 525427, 85
860, 28, 46, 69, 5, 0, 0.00%, 4, 0, 6, 528.38, 528168, 85
865, 28, 47, 69, 5, 0, 0.00%, 4, 0, 6, 487.33, 530544, 85
870, 29, 65, 69, 5, 0, 0.00%, 4, 0, 6, 402.68, 532603, 85
875, 29, 52, 69, 4, 0, 0.00%, 4, 0, 6, 403.03, 534743, 85
880, 29, 47, 69, 3, 0, 0.00%, 4, 0, 6, 451.23, 537043, 85
885, 29, 47, 69, 3, 0, 0.00%, 4, 0, 6, 473.40, 539555, 85
890, 29, 6, 69, 3, 0, 0.00%, 4, 0, 6, 528.79, 542333, 85
895, 29, 47, 69, 3, 0, 0.00%, 4, 0, 6, 526.89, 545013, 85
900, 29, 46, 69, 2, 0, 0.00%, 4, 0, 6, 405.97, 546821, 85
906, 29, 46, 69, 2, 0, 0.00%, 4, 0, 6, 456.51, 549239, 85
911, 29, 47, 69, 2, 0, 0.00%, 4, 0, 6, 461.68, 551561, 85
916, 29, 47, 69, 2, 0, 0.00%, 4, 0, 6, 470.70, 554013, 85
921, 29, 47, 69, 2, 0, 0.00%, 4, 0, 6, 485.19, 556551, 85
926, 29, 47, 69, 2, 0, 0.00%, 4, 0, 6, 471.75, 558900, 85
931, 30, 46, 69, 2, 0, 0.00%, 4, 0, 6, 492.88, 561442, 85
936, 30, 46, 69, 2, 0, 0.00%, 4, 0, 6, 611.29, 564737, 85
974, 30, 46, 69, 2, 0, 0.00%, 4, 0, 6, 0.32, 566275, 85
979, 30, 6, 69, 2, 0, 0.00%, 4, 0, 6, 658.02, 569562, 85
984, 30, 46, 69, 2, 0, 0.00%, 4, 0, 6, 636.34, 572749, 85
989, 30, 47, 69, 2, 0, 0.00%, 4, 0, 6, 623.42, 575976, 85
994, 30, 17, 69, 2, 0, 0.00%, 4, 0, 6, 586.93, 578891, 85
999, 30, 47, 69, 2, 0, 0.00%, 4, 0, 6, 578.46, 581855, 85
1004, 30, 47, 69, 2, 0, 0.00%, 4, 0, 6, 485.08, 584292, 85
1009, 30, 46, 69, 2, 0, 0.00%, 4, 0, 6, 447.49, 586493, 85
1014, 30, 46, 69, 2, 0, 0.00%, 4, 0, 6, 464.38, 588854, 85
1019, 31, 46, 69, 2, 0, 0.00%, 4, 0, 6, 578.22, 591826, 85
1025, 31, 47, 69, 2, 0, 0.00%, 4, 0, 6, 594.92, 594876, 85
1030, 31, 46, 69, 2, 0, 0.00%, 4, 0, 6, 579.95, 597779, 85
1035, 31, 47, 69, 2, 0, 0.00%, 4, 0, 6, 585.00, 600752, 85
1040, 31, 46, 69, 2, 0, 0.00%, 4, 0, 6, 582.29, 603681, 85
1045, 31, 47, 69, 2, 0, 0.00%, 4, 0, 6, 624.30, 606789, 85
1050, 31, 47, 69, 2, 0, 0.00%, 4, 0, 6, 694.63, 610349, 85
1055, 31, 47, 69, 2, 0, 0.00%, 4, 0, 6, 706.05, 614013, 85
1060, 32, 6, 69, 2, 0, 0.00%, 4, 0, 6, 701.02, 617633, 85
1065, 32, 6, 69, 2, 0, 0.00%, 4, 0, 6, 699.82, 621144, 85
1068, 32, 46, 69, 2, 0, 0.00%, 4, 0, 6, 707.83, 623042, 85
