# relative_time, cycles_done, cur_item, corpus_count, pending_total, pending_favs, map_size, saved_crashes, saved_hangs, max_depth, execs_per_sec, total_execs, edges_found
60, 0, 231, 1054, 1049, 160, 0.06%, 0, 0, 3, 644.72, 34248, 5055
66, 0, 231, 1073, 1068, 160, 0.06%, 0, 0, 3, 675.17, 37790, 5062
71, 0, 231, 1091, 1086, 160, 0.06%, 0, 0, 3, 674.86, 41296, 5070
76, 0, 231, 1110, 1105, 160, 0.06%, 0, 0, 3, 684.60, 44735, 5080
81, 0, 1041, 1145, 1138, 161, 0.06%, 0, 0, 4, 742.02, 48406, 5090
86, 0, 1041, 1148, 1141, 161, 0.06%, 0, 0, 4, 812.29, 52631, 5090
91, 0, 1041, 1160, 1153, 161, 0.06%, 0, 0, 4, 807.29, 56779, 5093
96, 0, 628, 1176, 1168, 164, 0.06%, 0, 0, 4, 791.92, 60965, 5108
101, 0, 628, 1181, 1173, 164, 0.06%, 0, 0, 4, 851.36, 65401, 5108
106, 0, 628, 1184, 1176, 164, 0.06%, 0, 0, 4, 875.76, 69881, 5109
112, 0, 694, 1192, 1181, 163, 0.06%, 0, 0, 4, 754.00, 73741, 5115
117, 0, 253, 1249, 1235, 163, 0.06%, 0, 0, 4, 649.23, 77015, 5197
122, 0, 501, 1313, 1298, 163, 0.06%, 0, 0, 4, 498.23, 79466, 5244
127, 0, 24, 1389, 1373, 169, 0.06%, 0, 0, 4, 419.91, 81642, 5322
132, 0, 24, 1511, 1495, 169, 0.06%, 0, 0, 4, 437.19, 83762, 5394
137, 0, 24, 1578, 1562, 169, 0.06%, 0, 0, 4, 464.52, 86208, 5423
142, 0, 24, 1620, 1604, 169, 0.06%, 0, 0, 4, 627.93, 89415, 5438
147, 0, 24, 1653, 1637, 169, 0.06%, 0, 0, 4, 672.97, 92915, 5445
152, 0, 24, 1681, 1665, 169, 0.07%, 0, 0, 4, 636.00, 96142, 5460
157, 0, 1197, 1715, 1697, 215, 0.07%, 0, 0, 4, 640.43, 99255, 5520
162, 0, 1197, 1728, 1710, 215, 0.07%, 0, 0, 4, 616.23, 102406, 5561
167, 0, 1197, 1733, 1715, 215, 0.07%, 0, 0, 4, 583.50, 105297, 5565
172, 0, 1197, 1766, 1748, 215, 0.07%, 0, 0, 4, 492.34, 107784, 5594
177, 0, 1171, 1789, 1770, 230, 0.07%, 0, 0, 4, 444.69, 110028, 5597
183, 0, 664, 1810, 1790, 231, 0.07%, 0, 0, 4, 448.94, 112259, 5626
188, 0, 664, 1817, 1797, 231, 0.07%, 0, 0, 4, 536.93, 115120, 5626
193, 0, 664, 1820, 1800, 231, 0.07%, 0, 0, 4, 534.84, 117861, 5626
198, 0, 664, 1824, 1804, 231, 0.07%, 0, 0, 4, 541.65, 120619, 5628
203, 0, 664, 1825, 1805, 231, 0.07%, 0, 0, 4, 534.18, 123306, 5628
208, 0, 664, 1844, 1824, 231, 0.07%, 0, 0, 4, 479.41, 125666, 5630
213, 0, 1142, 1863, 1839, 234, 0.07%, 0, 0, 5, 559.31, 128492, 5636
218, 0, 1142, 1872, 1848, 234, 0.07%, 0, 0, 5, 622.43, 131688, 5637
223, 0, 1142, 1877, 1853, 234, 0.07%, 0, 0, 5, 656.66, 135029, 5637
228, 0, 1142, 1884, 1860, 234, 0.07%, 0, 0, 5, 650.11, 138300, 5637
234, 0, 1142, 1933, 1909, 234, 0.07%, 0, 0, 5, 428.27, 140540, 5650
239, 0, 1142, 1972, 1948, 234, 0.07%, 0, 0, 5, 257.16, 141607, 5662
244, 0, 921, 1993, 1967, 236, 0.07%, 0, 0, 5, 354.15, 143244, 5665
249, 0, 1857, 2011, 1984, 235, 0.07%, 0, 0, 6, 543.91, 146152, 5665
254, 0, 1857, 2018, 1991, 235, 0.07%, 0, 0, 6, 574.08, 149204, 5665
259, 0, 1857, 2026, 1999, 235, 0.07%, 0, 0, 6, 653.84, 152612, 5665
264, 0, 1857, 2030, 2003, 235, 0.07%, 0, 0, 6, 558.12, 155398, 5665
269, 0, 1857, 2043, 2016, 235, 0.07%, 0, 0, 6, 428.35, 157564, 5667
274, 0, 1857, 2062, 2035, 235, 0.07%, 0, 0, 6, 318.22, 158993, 5670
279, 0, 1857, 2079, 2052, 235, 0.07%, 0, 0, 6, 204.26, 159896, 5670
285, 0, 1857, 2089, 2062, 235, 0.07%, 0, 0, 6, 180.80, 160763, 5670
290, 0, 2018, 2105, 2077, 241, 0.07%, 0, 0, 6, 334.41, 162697, 5691
295, 0, 1702, 2112, 2083, 240, 0.07%, 0, 0, 6, 421.65, 164914, 5695
300, 0, 1702, 2121, 2092, 240, 0.07%, 0, 0, 6, 441.79, 167233, 5697
305, 0, 1702, 2121, 2092, 240, 0.07%, 0, 0, 6, 435.16, 169457, 5697
310, 0, 1702, 2123, 2094, 240, 0.07%, 0, 0, 6, 386.91, 171364, 5699
315, 0, 1702, 2143, 2114, 240, 0.07%, 0, 0, 6, 276.92, 172859, 5713
320, 0, 1702, 2161, 2132, 240, 0.07%, 0, 0, 6, 92.28, 173381, 5715
325, 0, 1702, 2173, 2144, 240, 0.07%, 0, 0, 6, 133.89, 174106, 5716
330, 0, 1885, 2196, 2166, 247, 0.07%, 0, 0, 6, 274.45, 175588, 5721
335, 0, 1885, 2199, 2169, 247, 0.07%, 0, 0, 6, 333.43, 177342, 5721
340, 0, 1885, 2201, 2171, 247, 0.07%, 0, 0, 6, 343.64, 179120, 5721
345, 0, 1885, 2203, 2173, 247, 0.07%, 0, 0, 6, 350.34, 180900, 5721
351, 0, 1885, 2203, 2173, 247, 0.07%, 0, 0, 6, 345.01, 182656, 5721
356, 0, 1885, 2203, 2173, 247, 0.07%, 0, 0, 6, 365.51, 184575, 5721
361, 0, 1885, 2203, 2173, 247, 0.07%, 0, 0, 6, 330.92, 186214, 5721
366, 0, 1687, 2206, 2175, 248, 0.07%, 0, 0, 6, 310.15, 187816, 5721
371, 0, 1127, 2211, 2178, 248, 0.07%, 0, 0, 6, 280.41, 189230, 5730
376, 0, 1127, 2232, 2199, 248, 0.07%, 0, 0, 6, 306.23, 190744, 5730
381, 0, 574, 2238, 2204, 247, 0.07%, 0, 0, 6, 315.69, 192329, 5731
386, 0, 574, 2240, 2206, 247, 0.07%, 0, 0, 6, 303.69, 193873, 5731
391, 0, 574, 2240, 2206, 247, 0.07%, 0, 0, 6, 293.12, 195328, 5731
396, 0, 574, 2240, 2206, 247, 0.07%, 0, 0, 6, 297.92, 196878, 5731
401, 0, 574, 2241, 2207, 247, 0.07%, 0, 0, 6, 288.26, 198375, 5738
407, 0, 574, 2242, 2208, 247, 0.07%, 0, 0, 6, 283.49, 199842, 5741
412, 0, 574, 2243, 2209, 247, 0.07%, 0, 0, 6, 256.57, 201123, 5743
417, 0, 8, 2243, 2208, 250, 0.07%, 0, 0, 6, 46.79, 201384, 5743
422, 0, 8, 2243, 2208, 250, 0.07%, 0, 0, 6, 48.08, 201631, 5743
427, 0, 8, 2243, 2208, 250, 0.07%, 0, 0, 6, 48.34, 201873, 5743
432, 0, 8, 2243, 2208, 250, 0.07%, 0, 0, 6, 48.23, 202117, 5743
437, 0, 8, 2243, 2208, 250, 0.07%, 0, 0, 6, 48.04, 202357, 5743
442, 0, 8, 2243, 2208, 250, 0.07%, 0, 0, 6, 46.67, 202592, 5743
447, 0, 8, 2243, 2208, 250, 0.07%, 0, 0, 6, 46.77, 202825, 5743
452, 0, 8, 2266, 2231, 250, 0.07%, 0, 0, 6, 45.78, 203059, 5745
457, 0, 8, 2290, 2255, 250, 0.07%, 0, 0, 6, 46.83, 203300, 5745
463, 0, 8, 2309, 2274, 250, 0.07%, 0, 0, 6, 50.21, 203550, 5745
468, 0, 8, 2332, 2297, 250, 0.07%, 0, 0, 6, 53.44, 203850, 5748
473, 0, 8, 2352, 2317, 250, 0.07%, 0, 0, 6, 55.73, 204139, 5748
478, 0, 8, 2365, 2330, 250, 0.07%, 0, 0, 6, 57.56, 204425, 5748
483, 0, 8, 2373, 2338, 250, 0.07%, 0, 0, 6, 58.33, 204714, 5748
488, 0, 8, 2383, 2348, 250, 0.07%, 0, 0, 6, 59.03, 205016, 5823
493, 0, 8, 2396, 2361, 250, 0.07%, 0, 0, 6, 59.44, 205316, 5824
498, 0, 8, 2403, 2368, 250, 0.07%, 0, 0, 6, 59.84, 205617, 5824
503, 0, 8, 2408, 2373, 250, 0.07%, 0, 0, 6, 60.31, 205910, 5829
509, 0, 8, 2415, 2380, 250, 0.07%, 0, 0, 6, 58.76, 206212, 5829
514, 0, 8, 2418, 2383, 250, 0.07%, 0, 0, 6, 61.24, 206535, 5829
519, 0, 8, 2422, 2387, 250, 0.07%, 0, 0, 6, 58.39, 206837, 5830
524, 0, 8, 2425, 2390, 250, 0.07%, 0, 0, 6, 59.97, 207150, 5830
529, 0, 8, 2430, 2395, 250, 0.07%, 0, 0, 6, 60.78, 207461, 5832
534, 0, 8, 2433, 2398, 250, 0.07%, 0, 0, 6, 60.09, 207765, 5832
540, 0, 8, 2437, 2402, 250, 0.07%, 0, 0, 6, 60.02, 208069, 5832
545, 0, 8, 2440, 2405, 250, 0.07%, 0, 0, 6, 62.06, 208382, 5833
550, 0, 8, 2444, 2409, 250, 0.07%, 0, 0, 6, 59.27, 208684, 5834
555, 0, 8, 2447, 2412, 250, 0.07%, 0, 0, 6, 58.05, 208972, 5834
560, 0, 8, 2450, 2415, 250, 0.07%, 0, 0, 6, 59.12, 209284, 5834
565, 0, 8, 2451, 2416, 250, 0.07%, 0, 0, 6, 61.58, 209598, 5834
570, 0, 8, 2451, 2416, 250, 0.07%, 0, 0, 6, 62.66, 209914, 5834
575, 0, 8, 2453, 2418, 250, 0.07%, 0, 0, 6, 60.33, 210224, 5834
580, 0, 8, 2454, 2419, 250, 0.07%, 0, 0, 6, 62.65, 210547, 5834
585, 0, 8, 2456, 2421, 250, 0.07%, 0, 0, 6, 60.17, 210853, 5834
590, 0, 8, 2458, 2423, 250, 0.07%, 0, 0, 6, 60.14, 211152, 5834
596, 0, 8, 2459, 2424, 250, 0.07%, 0, 0, 6, 60.40, 211465, 5834
601, 0, 8, 2465, 2430, 250, 0.07%, 0, 0, 6, 58.20, 211755, 5835
606, 0, 8, 2467, 2432, 250, 0.07%, 0, 0, 6, 57.79, 212041, 5835
611, 0, 8, 2468, 2433, 250, 0.07%, 0, 0, 6, 62.70, 212367, 5835
616, 0, 8, 2470, 2435, 250, 0.07%, 0, 0, 6, 60.71, 212678, 5839
621, 0, 8, 2472, 2437, 250, 0.07%, 0, 0, 6, 62.38, 213001, 5839
626, 0, 8, 2473, 2438, 250, 0.07%, 0, 0, 6, 59.71, 213299, 5839
631, 0, 8, 2475, 2440, 250, 0.07%, 0, 0, 6, 59.54, 213600, 5839
636, 0, 8, 2476, 2441, 250, 0.07%, 0, 0, 6, 59.51, 213913, 5840
641, 0, 8, 2482, 2447, 250, 0.07%, 0, 0, 6, 77.57, 214299, 5840
646, 0, 8, 2489, 2454, 250, 0.07%, 0, 0, 6, 89.02, 214759, 5840
652, 0, 8, 2491, 2456, 250, 0.07%, 0, 0, 6, 97.06, 215268, 5840
657, 0, 8, 2493, 2458, 250, 0.07%, 0, 0, 6, 95.43, 215752, 5840
662, 0, 8, 2495, 2460, 250, 0.07%, 0, 0, 6, 96.07, 216253, 5841
667, 0, 8, 2496, 2461, 250, 0.07%, 0, 0, 6, 96.65, 216745, 5849
672, 0, 8, 2498, 2463, 250, 0.07%, 0, 0, 6, 103.03, 217273, 5849
677, 0, 8, 2503, 2468, 250, 0.07%, 0, 0, 6, 73.46, 217636, 5849
682, 0, 8, 2505, 2470, 250, 0.07%, 0, 0, 6, 57.45, 217903, 5849
687, 0, 8, 2507, 2472, 250, 0.07%, 0, 0, 6, 57.16, 218186, 5849
692, 0, 8, 2508, 2473, 250, 0.07%, 0, 0, 6, 58.02, 218479, 5849
697, 0, 8, 2510, 2475, 250, 0.07%, 0, 0, 6, 57.36, 218773, 5849
702, 0, 8, 2510, 2475, 250, 0.07%, 0, 0, 6, 55.61, 219053, 5849
707, 0, 8, 2511, 2476, 250, 0.07%, 0, 0, 6, 52.46, 219314, 5849
713, 0, 8, 2511, 2476, 250, 0.07%, 0, 0, 6, 54.94, 219598, 5849
718, 0, 8, 2512, 2477, 250, 0.07%, 0, 0, 6, 54.50, 219877, 5849
723, 0, 8, 2512, 2477, 250, 0.07%, 0, 0, 6, 53.31, 220154, 5849
728, 0, 8, 2513, 2478, 250, 0.07%, 0, 0, 6, 54.34, 220431, 5849
733, 0, 8, 2518, 2483, 250, 0.07%, 0, 0, 6, 90.59, 220841, 5857
738, 0, 8, 2528, 2493, 250, 0.07%, 0, 0, 6, 222.35, 222139, 5858
743, 0, 8, 2535, 2500, 250, 0.07%, 0, 0, 6, 237.07, 223384, 5864
749, 0, 2376, 2535, 2499, 253, 0.07%, 0, 0, 6, 136.80, 224092, 5864
754, 0, 2376, 2535, 2499, 253, 0.07%, 0, 0, 6, 66.45, 224335, 5864
759, 0, 2376, 2535, 2499, 253, 0.07%, 0, 0, 6, 51.03, 224572, 5864
764, 0, 2376, 2535, 2499, 253, 0.07%, 0, 0, 6, 49.22, 224826, 5864
769, 0, 2376, 2535, 2499, 253, 0.07%, 0, 0, 6, 48.01, 225065, 5864
774, 0, 2376, 2535, 2499, 253, 0.07%, 0, 0, 6, 47.10, 225305, 5864
779, 0, 2376, 2535, 2499, 253, 0.07%, 0, 0, 6, 46.83, 225540, 5864
784, 0, 301, 2541, 2504, 252, 0.07%, 0, 0, 6, 43.63, 226126, 5864
789, 0, 301, 2557, 2520, 252, 0.07%, 0, 0, 6, 70.64, 226517, 5866
795, 0, 301, 2565, 2528, 252, 0.07%, 0, 0, 6, 71.54, 226880, 5866
800, 0, 301, 2571, 2534, 252, 0.07%, 0, 0, 6, 78.56, 227271, 5866
805, 0, 1677, 2573, 2534, 253, 0.07%, 0, 0, 6, 170.71, 228134, 5866
810, 0, 1677, 2581, 2542, 253, 0.07%, 0, 0, 6, 257.98, 229565, 5886
815, 0, 1677, 2584, 2545, 253, 0.07%, 0, 0, 6, 279.47, 230989, 5887
820, 0, 1677, 2587, 2548, 253, 0.07%, 0, 0, 6, 295.85, 232460, 5891
825, 0, 1677, 2590, 2551, 253, 0.07%, 0, 0, 6, 303.29, 234050, 5893
830, 0, 1677, 2593, 2554, 253, 0.07%, 0, 0, 6, 323.26, 235733, 5895
836, 0, 1677, 2594, 2555, 253, 0.07%, 0, 0, 6, 335.83, 237504, 5895
841, 0, 1677, 2602, 2563, 253, 0.07%, 0, 0, 6, 59.13, 238273, 5895
843, 0, 1677, 2603, 2564, 253, 0.07%, 0, 0, 6, 66.54, 238449, 5895
